0.45 0.41 0.12 0.15 0.00 0.15 -0.12 0.41 0.41 -0.00 0.08 0.00 -0.00 0.00 -0.08 0.00 0.12 0.08 0.05 0.06 0.00 0.06 -0.05 0.08 0.15 -0.00 0.06 0.00 -0.00 -0.00 -0.06 0.00 -0.00 0.00 0.00 -0.00 0.00 -0.00 0.00 0.00 0.15 0.00 0.06 0.00 -0.00 0.00 -0.06 0.00 -0.12 -0.08 -0.05 -0.06 0.00 -0.06 0.05 -0.08 0.41 -0.00 0.08 -0.00 -0.00 -0.00 -0.08 0.00 
-0.41 0.45 0.41 0.12 0.15 0.00 0.15 -0.12 -0.00 0.41 0.00 0.08 0.00 -0.00 -0.00 -0.08 -0.08 0.12 0.08 0.05 0.06 0.00 0.06 -0.05 -0.00 0.15 -0.00 0.06 -0.00 -0.00 -0.00 -0.06 0.00 0.00 0.00 0.00 -0.00 0.00 0.00 0.00 -0.00 0.15 -0.00 0.06 0.00 -0.00 0.00 -0.06 0.08 -0.12 -0.08 -0.05 -0.06 0.00 -0.06 0.05 0.00 0.41 -0.00 0.08 -0.00 0.00 0.00 -0.08 
0.12 -0.41 0.45 0.41 0.12 0.15 0.00 0.15 0.08 -0.00 0.41 0.00 0.08 0.00 0.00 0.00 0.05 -0.08 0.12 0.08 0.05 0.06 -0.00 0.06 0.06 0.00 0.15 -0.00 0.06 0.00 0.00 -0.00 -0.00 -0.00 0.00 0.00 0.00 -0.00 0.00 0.00 0.06 -0.00 0.15 0.00 0.06 0.00 -0.00 0.00 -0.05 0.08 -0.12 -0.08 -0.05 -0.06 0.00 -0.06 0.08 0.00 0.41 -0.00 0.08 -0.00 -0.00 -0.00 
-0.15 0.12 -0.41 0.45 0.41 0.12 0.15 0.00 -0.00 0.08 0.00 0.41 0.00 0.08 -0.00 0.00 -0.06 0.05 -0.08 0.12 0.08 0.05 0.06 0.00 0.00 0.06 -0.00 0.15 -0.00 0.06 -0.00 0.00 -0.00 -0.00 -0.00 0.00 0.00 0.00 0.00 -0.00 -0.00 0.06 0.00 0.15 0.00 0.06 0.00 -0.00 0.06 -0.05 0.08 -0.12 -0.08 -0.05 -0.06 0.00 0.00 0.08 0.00 0.41 -0.00 0.08 0.00 -0.00 
-0.00 -0.15 0.12 -0.41 0.45 0.41 0.12 0.15 -0.00 -0.00 0.08 0.00 0.41 -0.00 0.08 0.00 -0.00 -0.06 0.05 -0.08 0.12 0.08 0.05 0.06 -0.00 -0.00 0.06 -0.00 0.15 0.00 0.06 -0.00 0.00 0.00 -0.00 0.00 0.00 -0.00 -0.00 0.00 0.00 -0.00 0.06 -0.00 0.15 0.00 0.06 0.00 0.00 0.06 -0.05 0.08 -0.12 -0.08 -0.05 -0.06 0.00 0.00 0.08 0.00 0.41 -0.00 0.08 -0.00 
-0.15 0.00 -0.15 0.12 -0.41 0.45 0.41 0.12 0.00 0.00 -0.00 0.08 0.00 0.41 -0.00 0.08 -0.06 0.00 -0.06 0.05 -0.08 0.12 0.08 0.05 0.00 0.00 -0.00 0.06 -0.00 0.15 0.00 0.06 -0.00 0.00 0.00 0.00 0.00 0.00 0.00 -0.00 -0.00 0.00 0.00 0.06 -0.00 0.15 0.00 0.06 0.06 -0.00 0.06 -0.05 0.08 -0.12 -0.08 -0.05 0.00 0.00 0.00 0.08 0.00 0.41 -0.00 0.08 
-0.12 -0.15 -0.00 -0.15 0.12 -0.41 0.45 0.41 -0.08 -0.00 0.00 -0.00 0.08 -0.00 0.41 0.00 -0.05 -0.06 -0.00 -0.06 0.05 -0.08 0.12 0.08 -0.06 -0.00 -0.00 -0.00 0.06 -0.00 0.15 0.00 0.00 0.00 -0.00 -0.00 0.00 0.00 -0.00 0.00 -0.06 -0.00 0.00 -0.00 0.06 -0.00 0.15 0.00 0.05 0.06 0.00 0.06 -0.05 0.08 -0.12 -0.08 -0.08 0.00 0.00 0.00 0.08 0.00 0.41 0.00 
-0.41 -0.12 -0.15 -0.00 -0.15 0.12 -0.41 0.45 0.00 -0.08 -0.00 0.00 -0.00 0.08 -0.00 0.41 -0.08 -0.05 -0.06 -0.00 -0.06 0.05 -0.08 0.12 -0.00 -0.06 0.00 0.00 -0.00 0.06 -0.00 0.15 0.00 0.00 0.00 -0.00 -0.00 0.00 -0.00 -0.00 -0.00 -0.06 0.00 0.00 -0.00 0.06 -0.00 0.15 0.08 0.05 0.06 -0.00 0.06 -0.05 0.08 -0.12 0.00 -0.08 0.00 0.00 0.00 0.08 0.00 0.41 
-0.41 0.00 -0.08 0.00 0.00 -0.00 0.08 0.00 0.45 -0.41 0.12 -0.15 -0.00 -0.15 -0.12 -0.41 0.41 -0.00 0.08 -0.00 0.00 0.00 -0.08 -0.00 0.12 -0.08 0.05 -0.06 0.00 -0.06 -0.05 -0.08 0.15 -0.00 0.06 0.00 -0.00 0.00 -0.06 -0.00 -0.00 -0.00 0.00 0.00 0.00 0.00 -0.00 0.00 0.15 0.00 0.06 -0.00 0.00 0.00 -0.06 -0.00 -0.12 0.08 -0.05 0.06 0.00 0.06 0.05 0.08 
-0.00 -0.41 -0.00 -0.08 0.00 -0.00 0.00 0.08 0.41 0.45 -0.41 0.12 -0.15 -0.00 -0.15 -0.12 0.00 0.41 0.00 0.08 -0.00 0.00 0.00 -0.08 0.08 0.12 -0.08 0.05 -0.06 0.00 -0.06 -0.05 0.00 0.15 0.00 0.06 0.00 -0.00 0.00 -0.06 0.00 -0.00 0.00 0.00 0.00 0.00 -0.00 0.00 -0.00 0.15 -0.00 0.06 -0.00 0.00 -0.00 -0.06 -0.08 -0.12 0.08 -0.05 0.06 -0.00 0.06 0.05 
-0.08 -0.00 -0.41 0.00 -0.08 -0.00 -0.00 -0.00 0.12 0.41 0.45 -0.41 0.12 -0.15 -0.00 -0.15 0.08 0.00 0.41 0.00 0.08 0.00 0.00 0.00 0.05 0.08 0.12 -0.08 0.05 -0.06 -0.00 -0.06 0.06 -0.00 0.15 0.00 0.06 -0.00 0.00 0.00 0.00 0.00 0.00 0.00 0.00 0.00 -0.00 0.00 0.06 -0.00 0.15 -0.00 0.06 -0.00 0.00 -0.00 -0.05 -0.08 -0.12 0.08 -0.05 0.06 0.00 0.06 
-0.00 -0.08 0.00 -0.41 0.00 -0.08 0.00 -0.00 0.15 0.12 0.41 0.45 -0.41 0.12 -0.15 0.00 -0.00 0.08 0.00 0.41 0.00 0.08 0.00 0.00 0.06 0.05 0.08 0.12 -0.08 0.05 -0.06 -0.00 -0.00 0.06 0.00 0.15 0.00 0.06 0.00 0.00 0.00 0.00 0.00 0.00 0.00 0.00 -0.00 0.00 -0.00 0.06 -0.00 0.15 -0.00 0.06 -0.00 0.00 -0.06 -0.05 -0.08 -0.12 0.08 -0.05 0.06 -0.00 
-0.00 -0.00 -0.08 0.00 -0.41 -0.00 -0.08 -0.00 -0.00 0.15 0.12 0.41 0.45 -0.41 0.12 -0.15 -0.00 -0.00 0.08 0.00 0.41 0.00 0.08 -0.00 -0.00 0.06 0.05 0.08 0.12 -0.08 0.05 -0.06 -0.00 0.00 0.06 0.00 0.15 -0.00 0.06 0.00 0.00 0.00 0.00 0.00 0.00 0.00 -0.00 0.00 0.00 -0.00 0.06 -0.00 0.15 -0.00 0.06 -0.00 0.00 -0.06 -0.05 -0.08 -0.12 0.08 -0.05 0.06 
-0.00 -0.00 0.00 -0.08 0.00 -0.41 -0.00 -0.08 0.15 -0.00 0.15 0.12 0.41 0.45 -0.41 0.12 -0.00 -0.00 0.00 0.08 0.00 0.41 0.00 0.08 0.06 0.00 0.06 0.05 0.08 0.12 -0.08 0.05 -0.00 0.00 0.00 0.06 0.00 0.15 -0.00 0.06 0.00 0.00 0.00 0.00 0.00 0.00 0.00 0.00 -0.00 0.00 -0.00 0.06 -0.00 0.15 -0.00 0.06 -0.06 -0.00 -0.06 -0.05 -0.08 -0.12 0.08 -0.05 
0.08 -0.00 0.00 0.00 -0.08 0.00 -0.41 0.00 -0.12 0.15 0.00 0.15 0.12 0.41 0.45 -0.41 -0.08 -0.00 0.00 0.00 0.08 0.00 0.41 -0.00 -0.05 0.06 -0.00 0.06 0.05 0.08 0.12 -0.08 -0.06 0.00 0.00 0.00 0.06 0.00 0.15 -0.00 0.00 0.00 -0.00 0.00 0.00 0.00 -0.00 0.00 -0.06 -0.00 -0.00 -0.00 0.06 -0.00 0.15 -0.00 0.05 -0.06 -0.00 -0.06 -0.05 -0.08 -0.12 0.08 
0.00 0.08 0.00 -0.00 0.00 -0.08 -0.00 -0.41 0.41 -0.12 0.15 0.00 0.15 0.12 0.41 0.45 -0.00 -0.08 0.00 -0.00 0.00 0.08 -0.00 0.41 0.08 -0.05 0.06 -0.00 0.06 0.05 0.08 0.12 0.00 -0.06 -0.00 0.00 0.00 0.06 0.00 0.15 0.00 0.00 0.00 0.00 0.00 0.00 0.00 -0.00 0.00 -0.06 0.00 -0.00 -0.00 0.06 0.00 0.15 -0.08 0.05 -0.06 -0.00 -0.06 -0.05 -0.08 -0.12 
0.12 0.08 0.05 0.06 0.00 0.06 -0.05 0.08 -0.41 0.00 -0.08 -0.00 -0.00 -0.00 0.08 -0.00 0.45 0.41 0.12 0.15 0.00 0.15 -0.12 0.41 0.41 0.00 0.08 0.00 -0.00 -0.00 -0.08 -0.00 0.12 0.08 0.05 0.06 0.00 0.06 -0.05 0.08 0.15 0.00 0.06 0.00 -0.00 -0.00 -0.06 0.00 -0.00 -0.00 -0.00 0.00 -0.00 -0.00 0.00 -0.00 0.15 -0.00 0.06 -0.00 -0.00 0.00 -0.06 0.00 
-0.08 0.12 0.08 0.05 0.06 0.00 0.06 -0.05 -0.00 -0.41 -0.00 -0.08 -0.00 -0.00 -0.00 0.08 -0.41 0.45 0.41 0.12 0.15 0.00 0.15 -0.12 -0.00 0.41 -0.00 0.08 0.00 -0.00 -0.00 -0.08 -0.08 0.12 0.08 0.05 0.06 0.00 0.06 -0.05 -0.00 0.15 -0.00 0.06 0.00 -0.00 -0.00 -0.06 0.00 -0.00 0.00 -0.00 0.00 -0.00 0.00 0.00 -0.00 0.15 -0.00 0.06 -0.00 0.00 0.00 -0.06 
0.05 -0.08 0.12 0.08 0.05 0.06 0.00 0.06 -0.08 0.00 -0.41 -0.00 -0.08 -0.00 0.00 -0.00 0.12 -0.41 0.45 0.41 0.12 0.15 -0.00 0.15 0.08 -0.00 0.41 -0.00 0.08 -0.00 0.00 -0.00 0.05 -0.08 0.12 0.08 0.05 0.06 -0.00 0.06 0.06 -0.00 0.15 0.00 0.06 0.00 -0.00 0.00 -0.00 0.00 -0.00 0.00 -0.00 0.00 -0.00 -0.00 0.06 0.00 0.15 0.00 0.06 0.00 -0.00 0.00 
-0.06 0.05 -0.08 0.12 0.08 0.05 0.06 0.00 0.00 -0.08 0.00 -0.41 -0.00 -0.08 -0.00 -0.00 -0.15 0.12 -0.41 0.45 0.41 0.12 0.15 0.00 0.00 0.08 -0.00 0.41 -0.00 0.08 -0.00 0.00 -0.06 0.05 -0.08 0.12 0.08 0.05 0.06 -0.00 0.00 0.06 0.00 0.15 0.00 0.06 -0.00 0.00 0.00 -0.00 0.00 -0.00 0.00 -0.00 0.00 -0.00 -0.00 0.06 0.00 0.15 0.00 0.06 0.00 0.00 
0.00 -0.06 0.05 -0.08 0.12 0.08 0.05 0.06 -0.00 0.00 -0.08 -0.00 -0.41 0.00 -0.08 -0.00 -0.00 -0.15 0.12 -0.41 0.45 0.41 0.12 0.15 -0.00 -0.00 0.08 -0.00 0.41 0.00 0.08 -0.00 -0.00 -0.06 0.05 -0.08 0.12 0.08 0.05 0.06 -0.00 0.00 0.06 -0.00 0.15 0.00 0.06 0.00 -0.00 0.00 -0.00 0.00 -0.00 0.00 -0.00 -0.00 0.00 0.00 0.06 0.00 0.15 -0.00 0.06 0.00 
-0.06 0.00 -0.06 0.05 -0.08 0.12 0.08 0.05 -0.00 -0.00 0.00 -0.08 -0.00 -0.41 0.00 -0.08 -0.15 -0.00 -0.15 0.12 -0.41 0.45 0.41 0.12 0.00 -0.00 -0.00 0.08 -0.00 0.41 -0.00 0.08 -0.06 0.00 -0.06 0.05 -0.08 0.12 0.08 0.05 0.00 -0.00 0.00 0.06 -0.00 0.15 0.00 0.06 0.00 -0.00 0.00 -0.00 0.00 -0.00 0.00 -0.00 0.00 0.00 0.00 0.06 0.00 0.15 -0.00 0.06 
-0.05 -0.06 -0.00 -0.06 0.05 -0.08 0.12 0.08 0.08 0.00 0.00 0.00 -0.08 -0.00 -0.41 -0.00 -0.12 -0.15 -0.00 -0.15 0.12 -0.41 0.45 0.41 -0.08 -0.00 0.00 -0.00 0.08 -0.00 0.41 -0.00 -0.05 -0.06 -0.00 -0.06 0.05 -0.08 0.12 0.08 -0.06 0.00 0.00 0.00 0.06 -0.00 0.15 0.00 0.00 0.00 0.00 0.00 -0.00 0.00 -0.00 -0.00 -0.06 0.00 0.00 0.00 0.06 -0.00 0.15 0.00 
-0.08 -0.05 -0.06 -0.00 -0.06 0.05 -0.08 0.12 -0.00 0.08 0.00 0.00 0.00 -0.08 -0.00 -0.41 -0.41 -0.12 -0.15 -0.00 -0.15 0.12 -0.41 0.45 0.00 -0.08 0.00 0.00 -0.00 0.08 0.00 0.41 -0.08 -0.05 -0.06 -0.00 -0.06 0.05 -0.08 0.12 -0.00 -0.06 0.00 0.00 0.00 0.06 -0.00 0.15 0.00 0.00 -0.00 0.00 0.00 -0.00 -0.00 -0.00 0.00 -0.06 0.00 0.00 0.00 0.06 0.00 0.15 
-0.15 -0.00 -0.06 -0.00 -0.00 -0.00 0.06 0.00 0.12 -0.08 0.05 -0.06 -0.00 -0.06 -0.05 -0.08 -0.41 -0.00 -0.08 -0.00 0.00 -0.00 0.08 -0.00 0.45 -0.41 0.12 -0.15 0.00 -0.15 -0.12 -0.41 0.41 -0.00 0.08 -0.00 -0.00 0.00 -0.08 0.00 0.12 -0.08 0.05 -0.06 0.00 -0.06 -0.05 -0.08 0.15 -0.00 0.06 0.00 0.00 0.00 -0.06 -0.00 0.00 -0.00 0.00 -0.00 -0.00 -0.00 -0.00 -0.00 
0.00 -0.15 -0.00 -0.06 -0.00 0.00 0.00 0.06 0.08 0.12 -0.08 0.05 -0.06 0.00 -0.06 -0.05 -0.00 -0.41 0.00 -0.08 -0.00 -0.00 0.00 0.08 0.41 0.45 -0.41 0.12 -0.15 0.00 -0.15 -0.12 0.00 0.41 0.00 0.08 -0.00 -0.00 0.00 -0.08 0.08 0.12 -0.08 0.05 -0.06 0.00 -0.06 -0.05 0.00 0.15 -0.00 0.06 0.00 0.00 0.00 -0.06 -0.00 0.00 0.00 -0.00 -0.00 -0.00 0.00 0.00 
-0.06 0.00 -0.15 -0.00 -0.06 -0.00 0.00 -0.00 0.05 0.08 0.12 -0.08 0.05 -0.06 -0.00 -0.06 -0.08 0.00 -0.41 0.00 -0.08 -0.00 0.00 -0.00 0.12 0.41 0.45 -0.41 0.12 -0.15 -0.00 -0.15 0.08 0.00 0.41 0.00 0.08 0.00 0.00 0.00 0.05 0.08 0.12 -0.08 0.05 -0.06 -0.00 -0.06 0.06 0.00 0.15 -0.00 0.06 0.00 -0.00 -0.00 0.00 -0.00 0.00 -0.00 -0.00 0.00 0.00 -0.00 
-0.00 -0.06 0.00 -0.15 -0.00 -0.06 0.00 -0.00 0.06 0.05 0.08 0.12 -0.08 0.05 -0.06 0.00 -0.00 -0.08 0.00 -0.41 0.00 -0.08 0.00 -0.00 0.15 0.12 0.41 0.45 -0.41 0.12 -0.15 0.00 -0.00 0.08 0.00 0.41 0.00 0.08 0.00 0.00 0.06 0.05 0.08 0.12 -0.08 0.05 -0.06 0.00 -0.00 0.06 -0.00 0.15 -0.00 0.06 0.00 0.00 0.00 0.00 0.00 0.00 -0.00 0.00 0.00 0.00 
0.00 -0.00 -0.06 -0.00 -0.15 -0.00 -0.06 -0.00 -0.00 0.06 0.05 0.08 0.12 -0.08 0.05 -0.06 0.00 0.00 -0.08 0.00 -0.41 -0.00 -0.08 -0.00 -0.00 0.15 0.12 0.41 0.45 -0.41 0.12 -0.15 -0.00 0.00 0.08 0.00 0.41 -0.00 0.08 0.00 -0.00 0.06 0.05 0.08 0.12 -0.08 0.05 -0.06 -0.00 -0.00 0.06 -0.00 0.15 -0.00 0.06 -0.00 0.00 0.00 0.00 0.00 0.00 0.00 0.00 -0.00 
0.00 -0.00 0.00 -0.06 -0.00 -0.15 0.00 -0.06 0.06 -0.00 0.06 0.05 0.08 0.12 -0.08 0.05 -0.00 0.00 0.00 -0.08 0.00 -0.41 -0.00 -0.08 0.15 -0.00 0.15 0.12 0.41 0.45 -0.41 0.12 -0.00 -0.00 0.00 0.08 0.00 0.41 0.00 0.08 0.06 0.00 0.06 0.05 0.08 0.12 -0.08 0.05 -0.00 0.00 -0.00 0.06 -0.00 0.15 -0.00 0.06 0.00 0.00 0.00 0.00 0.00 0.00 -0.00 0.00 
0.06 -0.00 0.00 -0.00 -0.06 0.00 -0.15 0.00 -0.05 0.06 0.00 0.06 0.05 0.08 0.12 -0.08 0.08 0.00 0.00 0.00 -0.08 -0.00 -0.41 -0.00 -0.12 0.15 -0.00 0.15 0.12 0.41 0.45 -0.41 -0.08 0.00 0.00 0.00 0.08 0.00 0.41 0.00 -0.05 0.06 -0.00 0.06 0.05 0.08 0.12 -0.08 -0.06 -0.00 -0.00 -0.00 0.06 -0.00 0.15 -0.00 0.00 0.00 0.00 0.00 0.00 0.00 0.00 -0.00 
0.00 0.06 0.00 0.00 -0.00 -0.06 -0.00 -0.15 0.08 -0.05 0.06 0.00 0.06 0.05 0.08 0.12 0.00 0.08 0.00 -0.00 0.00 -0.08 0.00 -0.41 0.41 -0.12 0.15 -0.00 0.15 0.12 0.41 0.45 -0.00 -0.08 -0.00 0.00 0.00 0.08 -0.00 0.41 0.08 -0.05 0.06 -0.00 0.06 0.05 0.08 0.12 0.00 -0.06 -0.00 -0.00 -0.00 0.06 0.00 0.15 0.00 0.00 0.00 0.00 0.00 0.00 -0.00 -0.00 
0.00 0.00 0.00 -0.00 -0.00 -0.00 -0.00 0.00 -0.15 0.00 -0.06 -0.00 -0.00 -0.00 0.06 -0.00 0.12 0.08 0.05 0.06 0.00 0.06 -0.05 0.08 -0.41 -0.00 -0.08 0.00 0.00 0.00 0.08 -0.00 0.45 0.41 0.12 0.15 0.00 0.15 -0.12 0.41 0.41 0.00 0.08 -0.00 -0.00 -0.00 -0.08 0.00 0.12 0.08 0.05 0.06 -0.00 0.06 -0.05 0.08 0.15 -0.00 0.06 -0.00 -0.00 0.00 -0.06 0.00 
-0.00 0.00 -0.00 -0.00 -0.00 -0.00 0.00 0.00 -0.00 -0.15 -0.00 -0.06 -0.00 -0.00 -0.00 0.06 -0.08 0.12 0.08 0.05 0.06 0.00 0.06 -0.05 0.00 -0.41 0.00 -0.08 0.00 -0.00 -0.00 0.08 -0.41 0.45 0.41 0.12 0.15 0.00 0.15 -0.12 -0.00 0.41 -0.00 0.08 -0.00 -0.00 -0.00 -0.08 -0.08 0.12 0.08 0.05 0.06 0.00 0.06 -0.05 -0.00 0.15 0.00 0.06 -0.00 0.00 0.00 -0.06 
0.00 -0.00 0.00 -0.00 -0.00 -0.00 0.00 -0.00 -0.06 -0.00 -0.15 -0.00 -0.06 -0.00 0.00 -0.00 0.05 -0.08 0.12 0.08 0.05 0.06 -0.00 0.06 -0.08 -0.00 -0.41 -0.00 -0.08 0.00 0.00 -0.00 0.12 -0.41 0.45 0.41 0.12 0.15 -0.00 0.15 0.08 -0.00 0.41 0.00 0.08 -0.00 -0.00 -0.00 0.05 -0.08 0.12 0.08 0.05 0.06 -0.00 0.06 0.06 0.00 0.15 0.00 0.06 0.00 -0.00 -0.00 
0.00 -0.00 -0.00 -0.00 -0.00 -0.00 0.00 0.00 -0.00 -0.06 -0.00 -0.15 -0.00 -0.06 -0.00 0.00 -0.06 0.05 -0.08 0.12 0.08 0.05 0.06 -0.00 0.00 -0.08 -0.00 -0.41 -0.00 -0.08 -0.00 0.00 -0.15 0.12 -0.41 0.45 0.41 0.12 0.15 0.00 0.00 0.08 -0.00 0.41 0.00 0.08 -0.00 0.00 -0.06 0.05 -0.08 0.12 0.08 0.05 0.06 0.00 -0.00 0.06 0.00 0.15 0.00 0.06 0.00 0.00 
0.00 0.00 0.00 -0.00 -0.00 -0.00 0.00 0.00 0.00 -0.00 -0.06 -0.00 -0.15 -0.00 -0.06 -0.00 -0.00 -0.06 0.05 -0.08 0.12 0.08 0.05 0.06 -0.00 -0.00 -0.08 -0.00 -0.41 0.00 -0.08 -0.00 -0.00 -0.15 0.12 -0.41 0.45 0.41 0.12 0.15 -0.00 0.00 0.08 -0.00 0.41 0.00 0.08 -0.00 -0.00 -0.06 0.05 -0.08 0.12 0.08 0.05 0.06 0.00 0.00 0.06 0.00 0.15 0.00 0.06 0.00 
-0.00 0.00 -0.00 0.00 -0.00 -0.00 -0.00 -0.00 -0.00 0.00 0.00 -0.06 -0.00 -0.15 -0.00 -0.06 -0.06 0.00 -0.06 0.05 -0.08 0.12 0.08 0.05 0.00 0.00 -0.00 -0.08 -0.00 -0.41 0.00 -0.08 -0.15 -0.00 -0.15 0.12 -0.41 0.45 0.41 0.12 0.00 0.00 -0.00 0.08 -0.00 0.41 -0.00 0.08 -0.06 0.00 -0.06 0.05 -0.08 0.12 0.08 0.05 0.00 0.00 0.00 0.06 0.00 0.15 0.00 0.06 
0.00 0.00 0.00 0.00 0.00 0.00 0.00 0.00 0.06 0.00 0.00 0.00 -0.06 -0.00 -0.15 -0.00 -0.05 -0.06 -0.00 -0.06 0.05 -0.08 0.12 0.08 0.08 -0.00 0.00 -0.00 -0.08 0.00 -0.41 -0.00 -0.12 -0.15 -0.00 -0.15 0.12 -0.41 0.45 0.41 -0.08 0.00 0.00 0.00 0.08 -0.00 0.41 0.00 -0.05 -0.06 -0.00 -0.06 0.05 -0.08 0.12 0.08 -0.06 0.00 -0.00 0.00 0.06 0.00 0.15 0.00 
-0.00 0.00 -0.00 0.00 0.00 0.00 -0.00 -0.00 0.00 0.06 0.00 0.00 0.00 -0.06 0.00 -0.15 -0.08 -0.05 -0.06 -0.00 -0.06 0.05 -0.08 0.12 -0.00 0.08 -0.00 -0.00 -0.00 -0.08 -0.00 -0.41 -0.41 -0.12 -0.15 -0.00 -0.15 0.12 -0.41 0.45 0.00 -0.08 0.00 0.00 0.00 0.08 0.00 0.41 -0.08 -0.05 -0.06 0.00 -0.06 0.05 -0.08 0.12 0.00 -0.06 -0.00 0.00 0.00 0.06 -0.00 0.15 
-0.15 -0.00 -0.06 -0.00 -0.00 0.00 0.06 0.00 -0.00 0.00 0.00 -0.00 -0.00 -0.00 -0.00 0.00 -0.15 0.00 -0.06 -0.00 -0.00 -0.00 0.06 0.00 0.12 -0.08 0.05 -0.06 -0.00 -0.06 -0.05 -0.08 -0.41 0.00 -0.08 -0.00 0.00 -0.00 0.08 0.00 0.45 -0.41 0.12 -0.15 0.00 -0.15 -0.12 -0.41 0.41 -0.00 0.08 0.00 0.00 0.00 -0.08 0.00 0.12 -0.08 0.05 -0.06 -0.00 -0.06 -0.05 -0.08 
0.00 -0.15 -0.00 -0.06 -0.00 -0.00 -0.00 0.06 -0.00 -0.00 -0.00 0.00 -0.00 0.00 -0.00 -0.00 0.00 -0.15 -0.00 -0.06 -0.00 -0.00 0.00 0.06 0.08 0.12 -0.08 0.05 -0.06 0.00 -0.06 -0.05 -0.00 -0.41 -0.00 -0.08 -0.00 -0.00 0.00 0.08 0.41 0.45 -0.41 0.12 -0.15 0.00 -0.15 -0.12 0.00 0.41 0.00 0.08 0.00 0.00 0.00 -0.08 0.08 0.12 -0.08 0.05 -0.06 0.00 -0.06 -0.05 
-0.06 0.00 -0.15 -0.00 -0.06 -0.00 0.00 0.00 0.00 -0.00 0.00 -0.00 0.00 0.00 -0.00 0.00 -0.06 -0.00 -0.15 -0.00 -0.06 0.00 -0.00 -0.00 0.05 0.08 0.12 -0.08 0.05 -0.06 -0.00 -0.06 -0.08 0.00 -0.41 0.00 -0.08 -0.00 0.00 0.00 0.12 0.41 0.45 -0.41 0.12 -0.15 -0.00 -0.15 0.08 -0.00 0.41 0.00 0.08 0.00 0.00 0.00 0.05 0.08 0.12 -0.08 0.05 -0.06 -0.00 -0.06 
-0.00 -0.06 0.00 -0.15 -0.00 -0.06 -0.00 -0.00 -0.00 0.00 0.00 0.00 -0.00 0.00 0.00 0.00 -0.00 -0.06 -0.00 -0.15 -0.00 -0.06 0.00 0.00 0.06 0.05 0.08 0.12 -0.08 0.05 -0.06 0.00 -0.00 -0.08 0.00 -0.41 0.00 -0.08 0.00 0.00 0.15 0.12 0.41 0.45 -0.41 0.12 -0.15 0.00 -0.00 0.08 0.00 0.41 0.00 0.08 0.00 0.00 0.06 0.05 0.08 0.12 -0.08 0.05 -0.06 0.00 
0.00 -0.00 -0.06 -0.00 -0.15 -0.00 -0.06 0.00 0.00 -0.00 0.00 0.00 0.00 0.00 0.00 0.00 -0.00 -0.00 -0.06 -0.00 -0.15 0.00 -0.06 -0.00 -0.00 0.06 0.05 0.08 0.12 -0.08 0.05 -0.06 -0.00 0.00 -0.08 0.00 -0.41 -0.00 -0.08 0.00 -0.00 0.15 0.12 0.41 0.45 -0.41 0.12 -0.15 0.00 -0.00 0.08 -0.00 0.41 0.00 0.08 0.00 0.00 0.06 0.05 0.08 0.12 -0.08 0.05 -0.06 
0.00 -0.00 -0.00 -0.06 -0.00 -0.15 0.00 -0.06 -0.00 0.00 0.00 0.00 0.00 -0.00 0.00 0.00 -0.00 -0.00 -0.00 -0.06 -0.00 -0.15 0.00 -0.06 0.06 0.00 0.06 0.05 0.08 0.12 -0.08 0.05 -0.00 0.00 0.00 -0.08 0.00 -0.41 -0.00 -0.08 0.15 -0.00 0.15 0.12 0.41 0.45 -0.41 0.12 -0.00 -0.00 -0.00 0.08 -0.00 0.41 0.00 0.08 0.06 0.00 0.06 0.05 0.08 0.12 -0.08 0.05 
0.06 -0.00 0.00 -0.00 -0.06 0.00 -0.15 0.00 -0.00 -0.00 0.00 0.00 0.00 0.00 0.00 0.00 0.06 0.00 0.00 -0.00 -0.06 -0.00 -0.15 0.00 -0.05 0.06 -0.00 0.06 0.05 0.08 0.12 -0.08 0.08 0.00 0.00 0.00 -0.08 -0.00 -0.41 0.00 -0.12 0.15 -0.00 0.15 0.12 0.41 0.45 -0.41 -0.08 -0.00 -0.00 -0.00 0.08 0.00 0.41 0.00 -0.05 0.06 0.00 0.06 0.05 0.08 0.12 -0.08 
0.00 0.06 0.00 0.00 -0.00 -0.06 -0.00 -0.15 -0.00 -0.00 0.00 0.00 0.00 0.00 0.00 0.00 -0.00 0.06 0.00 0.00 -0.00 -0.06 -0.00 -0.15 0.08 -0.05 0.06 0.00 0.06 0.05 0.08 0.12 0.00 0.08 0.00 -0.00 0.00 -0.08 0.00 -0.41 0.41 -0.12 0.15 -0.00 0.15 0.12 0.41 0.45 -0.00 -0.08 -0.00 -0.00 -0.00 0.08 -0.00 0.41 0.08 -0.05 0.06 0.00 0.06 0.05 0.08 0.12 
-0.12 -0.08 -0.05 -0.06 -0.00 -0.06 0.05 -0.08 -0.15 0.00 -0.06 -0.00 -0.00 -0.00 0.06 -0.00 0.00 0.00 -0.00 -0.00 -0.00 0.00 -0.00 -0.00 -0.15 -0.00 -0.06 0.00 0.00 0.00 0.06 -0.00 0.12 0.08 0.05 0.06 -0.00 0.06 -0.05 0.08 -0.41 -0.00 -0.08 0.00 0.00 0.00 0.08 0.00 0.45 0.41 0.12 0.15 -0.00 0.15 -0.12 0.41 0.41 -0.00 0.08 -0.00 0.00 0.00 -0.08 0.00 
0.08 -0.12 -0.08 -0.05 -0.06 -0.00 -0.06 0.05 -0.00 -0.15 -0.00 -0.06 -0.00 -0.00 -0.00 0.06 0.00 -0.00 -0.00 -0.00 -0.00 0.00 -0.00 0.00 -0.00 -0.15 0.00 -0.06 0.00 -0.00 -0.00 0.06 -0.08 0.12 0.08 0.05 0.06 0.00 0.06 -0.05 0.00 -0.41 0.00 -0.08 0.00 -0.00 -0.00 0.08 -0.41 0.45 0.41 0.12 0.15 -0.00 0.15 -0.12 0.00 0.41 0.00 0.08 -0.00 0.00 0.00 -0.08 
-0.05 0.08 -0.12 -0.08 -0.05 -0.06 0.00 -0.06 -0.06 -0.00 -0.15 -0.00 -0.06 -0.00 0.00 -0.00 -0.00 0.00 -0.00 -0.00 -0.00 0.00 0.00 0.00 -0.06 -0.00 -0.15 0.00 -0.06 -0.00 -0.00 -0.00 0.05 -0.08 0.12 0.08 0.05 0.06 -0.00 0.06 -0.08 0.00 -0.41 0.00 -0.08 0.00 0.00 0.00 0.12 -0.41 0.45 0.41 0.12 0.15 -0.00 0.15 0.08 0.00 0.41 0.00 0.08 0.00 0.00 -0.00 
0.06 -0.05 0.08 -0.12 -0.08 -0.05 -0.06 -0.00 -0.00 -0.06 -0.00 -0.15 -0.00 -0.06 -0.00 0.00 0.00 0.00 -0.00 -0.00 -0.00 -0.00 -0.00 -0.00 0.00 -0.06 0.00 -0.15 0.00 -0.06 -0.00 -0.00 -0.06 0.05 -0.08 0.12 0.08 0.05 0.06 0.00 0.00 -0.08 -0.00 -0.41 0.00 -0.08 -0.00 0.00 -0.15 0.12 -0.41 0.45 0.41 0.12 0.15 -0.00 0.00 0.08 0.00 0.41 0.00 0.08 0.00 0.00 
0.00 0.06 -0.05 0.08 -0.12 -0.08 -0.05 -0.06 0.00 -0.00 -0.06 -0.00 -0.15 -0.00 -0.06 -0.00 0.00 0.00 -0.00 -0.00 -0.00 0.00 0.00 0.00 0.00 -0.00 -0.06 0.00 -0.15 -0.00 -0.06 -0.00 -0.00 -0.06 0.05 -0.08 0.12 0.08 0.05 0.06 -0.00 0.00 -0.08 -0.00 -0.41 0.00 -0.08 0.00 -0.00 -0.15 0.12 -0.41 0.45 0.41 0.12 0.15 -0.00 0.00 0.08 0.00 0.41 0.00 0.08 -0.00 
0.06 -0.00 0.06 -0.05 0.08 -0.12 -0.08 -0.05 -0.00 0.00 -0.00 -0.06 -0.00 -0.15 -0.00 -0.06 0.00 0.00 0.00 -0.00 -0.00 -0.00 -0.00 -0.00 0.00 0.00 -0.00 -0.06 0.00 -0.15 -0.00 -0.06 -0.06 0.00 -0.06 0.05 -0.08 0.12 0.08 0.05 0.00 -0.00 -0.00 -0.08 -0.00 -0.41 0.00 -0.08 -0.15 -0.00 -0.15 0.12 -0.41 0.45 0.41 0.12 0.00 -0.00 0.00 0.08 0.00 0.41 0.00 0.08 
0.05 0.06 0.00 0.06 -0.05 0.08 -0.12 -0.08 0.06 -0.00 -0.00 -0.00 -0.06 0.00 -0.15 -0.00 -0.00 -0.00 0.00 0.00 -0.00 -0.00 0.00 0.00 0.06 -0.00 0.00 0.00 -0.06 0.00 -0.15 -0.00 -0.05 -0.06 -0.00 -0.06 0.05 -0.08 0.12 0.08 0.08 0.00 -0.00 -0.00 -0.08 0.00 -0.41 0.00 -0.12 -0.15 0.00 -0.15 0.12 -0.41 0.45 0.41 -0.08 0.00 -0.00 0.00 0.08 0.00 0.41 0.00 
0.08 0.05 0.06 0.00 0.06 -0.05 0.08 -0.12 0.00 0.06 0.00 0.00 -0.00 -0.06 0.00 -0.15 0.00 0.00 0.00 0.00 0.00 -0.00 0.00 -0.00 0.00 0.06 -0.00 -0.00 0.00 -0.06 0.00 -0.15 -0.08 -0.05 -0.06 0.00 -0.06 0.05 -0.08 0.12 -0.00 0.08 -0.00 -0.00 -0.00 -0.08 -0.00 -0.41 -0.41 -0.12 -0.15 0.00 -0.15 0.12 -0.41 0.45 0.00 -0.08 -0.00 -0.00 0.00 0.08 -0.00 0.41 
-0.41 -0.00 -0.08 0.00 -0.00 0.00 0.08 0.00 -0.12 0.08 -0.05 0.06 0.00 0.06 0.05 0.08 -0.15 0.00 -0.06 0.00 -0.00 -0.00 0.06 0.00 0.00 0.00 -0.00 -0.00 -0.00 -0.00 -0.00 0.00 -0.15 0.00 -0.06 -0.00 0.00 -0.00 0.06 0.00 0.12 -0.08 0.05 -0.06 0.00 -0.06 -0.05 -0.08 -0.41 0.00 -0.08 -0.00 -0.00 -0.00 0.08 0.00 0.45 -0.41 0.12 -0.15 -0.00 -0.15 -0.12 -0.41 
-0.00 -0.41 -0.00 -0.08 0.00 0.00 -0.00 0.08 -0.08 -0.12 0.08 -0.05 0.06 -0.00 0.06 0.05 0.00 -0.15 -0.00 -0.06 0.00 -0.00 -0.00 0.06 0.00 -0.00 0.00 -0.00 -0.00 -0.00 0.00 0.00 0.00 -0.15 -0.00 -0.06 -0.00 -0.00 0.00 0.06 0.08 0.12 -0.08 0.05 -0.06 0.00 -0.06 -0.05 -0.00 -0.41 0.00 -0.08 -0.00 -0.00 -0.00 0.08 0.41 0.45 -0.41 0.12 -0.15 0.00 -0.15 -0.12 
-0.08 0.00 -0.41 -0.00 -0.08 0.00 0.00 -0.00 -0.05 -0.08 -0.12 0.08 -0.05 0.06 0.00 0.06 -0.06 -0.00 -0.15 -0.00 -0.06 0.00 -0.00 0.00 0.00 -0.00 -0.00 0.00 -0.00 -0.00 -0.00 0.00 -0.06 0.00 -0.15 -0.00 -0.06 0.00 -0.00 0.00 0.05 0.08 0.12 -0.08 0.05 -0.06 -0.00 -0.06 -0.08 -0.00 -0.41 0.00 -0.08 -0.00 0.00 -0.00 0.12 0.41 0.45 -0.41 0.12 -0.15 -0.00 -0.15 
-0.00 -0.08 -0.00 -0.41 -0.00 -0.08 -0.00 -0.00 -0.06 -0.05 -0.08 -0.12 0.08 -0.05 0.06 0.00 0.00 -0.06 -0.00 -0.15 -0.00 -0.06 0.00 0.00 -0.00 0.00 -0.00 -0.00 0.00 -0.00 0.00 0.00 -0.00 -0.06 -0.00 -0.15 -0.00 -0.06 0.00 -0.00 0.06 0.05 0.08 0.12 -0.08 0.05 -0.06 -0.00 0.00 -0.08 -0.00 -0.41 0.00 -0.08 -0.00 0.00 0.15 0.12 0.41 0.45 -0.41 0.12 -0.15 -0.00 
-0.00 -0.00 -0.08 0.00 -0.41 -0.00 -0.08 -0.00 0.00 -0.06 -0.05 -0.08 -0.12 0.08 -0.05 0.06 0.00 0.00 -0.06 -0.00 -0.15 0.00 -0.06 0.00 -0.00 0.00 0.00 0.00 -0.00 -0.00 0.00 0.00 0.00 0.00 -0.06 -0.00 -0.15 0.00 -0.06 0.00 -0.00 0.06 0.05 0.08 0.12 -0.08 0.05 -0.06 -0.00 0.00 -0.08 -0.00 -0.41 0.00 -0.08 -0.00 -0.00 0.15 0.12 0.41 0.45 -0.41 0.12 -0.15 
-0.00 0.00 -0.00 -0.08 0.00 -0.41 -0.00 -0.08 -0.06 -0.00 -0.06 -0.05 -0.08 -0.12 0.08 -0.05 0.00 -0.00 -0.00 -0.06 -0.00 -0.15 0.00 -0.06 -0.00 -0.00 0.00 -0.00 0.00 -0.00 0.00 0.00 -0.00 0.00 0.00 -0.06 -0.00 -0.15 0.00 -0.06 0.06 -0.00 0.06 0.05 0.08 0.12 -0.08 0.05 0.00 -0.00 0.00 -0.08 -0.00 -0.41 0.00 -0.08 0.15 0.00 0.15 0.12 0.41 0.45 -0.41 0.12 
0.08 -0.00 -0.00 -0.00 -0.08 -0.00 -0.41 0.00 0.05 -0.06 -0.00 -0.06 -0.05 -0.08 -0.12 0.08 0.06 0.00 0.00 -0.00 -0.06 -0.00 -0.15 0.00 -0.00 0.00 0.00 -0.00 -0.00 0.00 0.00 0.00 0.06 0.00 0.00 -0.00 -0.06 -0.00 -0.15 0.00 -0.05 0.06 -0.00 0.06 0.05 0.08 0.12 -0.08 0.08 0.00 0.00 0.00 -0.08 -0.00 -0.41 0.00 -0.12 0.15 0.00 0.15 0.12 0.41 0.45 -0.41 
-0.00 0.08 -0.00 0.00 -0.00 -0.08 0.00 -0.41 -0.08 0.05 -0.06 -0.00 -0.06 -0.05 -0.08 -0.12 -0.00 0.06 0.00 0.00 -0.00 -0.06 -0.00 -0.15 0.00 -0.00 0.00 0.00 -0.00 -0.00 -0.00 0.00 -0.00 0.06 0.00 -0.00 -0.00 -0.06 -0.00 -0.15 0.08 -0.05 0.06 -0.00 0.06 0.05 0.08 0.12 0.00 0.08 0.00 0.00 0.00 -0.08 -0.00 -0.41 0.41 -0.12 0.15 0.00 0.15 0.12 0.41 0.45 
